song_name=Initiate,song=Initiate.wav,image=Initiate.jpg,song_preview=86.5,version=Normal,bpm=128,speed=4,diff=4,dmg=6,length=193.828,bit_count=281

6,0
1,0
1,0
1,enter

5,1
1,1
1,1
1,enter

5,0
1,1
1,0
1,enter

5,1
1,0
1,1
1,enter

# More buildup - 15.5s

5,0
1,0
1,1
1,enter

5,0
1,0
1,1
1,enter

5,1
1,1
1,0
1,enter

5,1
1,1
1,0
1,enter

# Predrop - 30s

5,0
1,0
1,0
1,0
1,1
1,1
1,1
1,1
1,0
2,enter
2,0
2,1
2,enter

# Drop 1 - 38s

2,0
2,0
2,0
1,1
1,1
2,1
2,1
3/2,enter

5/2,0
2,0
2,0
1,1
1,1
2,1
2,1
2,1
3/2,enter

# 53s

5/2,0
2,0
2,0
2,1
1,0
1,1
2,1
2,1
2,enter

2,0
1,1
1,0
2,1
1,0
1,1
2,0
2,0
2,1
2,1
2,enter

# Bridge - 68s

2,1
2,1
1,0
1,1
2,1
1,1
1,0
1,0
1,1
4,enter

3/2,1
3/2,1
1,0
1,0
1,1
1,1
1,0
1,0
1,1
1,1
1,enter
1,enter
1,enter
1,enter
1,enter

# Drop 1.5 - 83s

3,1
1,0
3,1
1,0
3,1
1/2,1
1/2,0

4,enter
3,1
1,0
3,1
1,0
3,1
1/2,0
1/2,1

# Predrop 2 - 98s

4,0
3/4,0
3/4,0
1/2,1
3/4,1
3/4,1
1/2,0
3/4,0
3/4,0
1/2,1
3/4,1
3/4,1
1/2,enter

8,0
3/4,0
3/4,0
1/2,1
3/4,1
3/4,1
1/2,0
3/4,0
3/4,0
1/2,1
3/4,1
3/4,1
1/2,enter

8,enter
4,enter

# Actual drop 2 - 114.5

1,0
1,0
1,0
1,1
1,1
1,1
1,1
1,0
1,0
1,1
1,1
1,0
1,0
1,1
1,1
1,enter

2,1
1,0
1,1
1,0
1,1
1,0
1,1
1,0
1,1
1,0
1,1
1,0
1,1
1,0
1,enter

2,1
1,1
1,0
1,0
1,0
1,0
1,1
1,1
1,0
1,0
1,1
1,1
1,0
1,0
1,enter

2,0
1,1
1,0
1,1
1,0
1,1
1,0
1,1
1,0
1,1
1,0
1,1
1,0
1,1
1,enter

15/2,enter

# Yay winner - 148s

2,1
1/2,1
3/2,1
1/2,1
1,0
1,0
1,0
1,enter

1,1
1,0
1,1
2,0
1,1
1,0
1,enter

3/2,1
1/2,1
3/2,1
1/2,1
1,0
1,0
1,0
1,enter

# Drop 3 - 159.5s

2,0
2,1
3,1
1/2,0
1/2,1

2,0
2,1
3,1
1/2,0
1/2,1

1,1
1,1
1,1
1,0
1,0
1,0
1,1
1,enter

2,0
2,1
3,1
1,enter

# Final stint - 175s

2,0
2,1
3,1
1/2,0
1/2,1

2,0
2,1
3,1
1/2,0
1/2,1

1,1
1,1
1,1
1,0
1,0
1,0
1,1
1,enter

2,0
2,1
5/2,1
1,0
3,1
1,enter
